44 44 44 44 42 43 42 42 43 14 10 10 10 10 11 11 10 10 10 10 11 11 11 10 10 10 10 10 10 10 10 10 13 42 43 42 43 43 43 43 43 43
44 44 44 44 43 42 43 42 42 14 10 10 7 7 17 7 7 10 8 8 10 7 10 8 11 7 10 8 8 10 7 10 13 43 43 43 42 42 42 42 42 42
44 44 44 44 43 42 42 43 42 14 9 47 9 9 9 9 9 47 9 9 9 9 9 9 9 9 9 9 9 9 9 9 13 42 42 42 42 42 42 42 42 42
44 44 44 44 42 43 42 42 43 14 9 47 47 47 47 47 47 47 9 9 9 45 45 9 9 45 45 45 9 9 45 45 13 42 42 42 42 42 42 42 42 42
44 44 44 44 43 42 43 42 42 14 9 9 9 9 9 9 9 45 45 9 9 45 45 9 9 45 45 45 9 9 45 45 13 42 42 42 42 42 42 42 42 42
44 44 44 44 43 42 42 43 42 14 9 9 9 9 9 9 9 9 9 9 9 9 9 9 9 9 9 9 9 9 9 9 13 42 42 42 42 42 42 42 42 42
44 44 44 44 42 43 42 42 43 14 9 45 45 9 9 9 9 9 9 9 9 9 9 9 9 9 9 9 9 9 9 9 13 42 42 42 42 42 42 42 42 42
44 44 44 44 43 42 43 42 42 14 9 45 45 9 9 9 9 45 45 9 9 45 45 9 9 45 45 45 9 9 45 45 13 42 42 42 42 42 42 42 42 42
44 44 44 44 43 42 42 43 42 14 9 9 9 9 45 45 9 45 45 9 9 45 45 9 9 45 45 45 9 9 45 45 13 43 43 43 43 43 43 43 43 43
44 44 44 44 42 43 42 42 43 14 9 9 9 9 45 45 9 9 9 9 9 9 9 9 9 9 9 9 9 9 9 9 13 43 42 42 43 42 43 43 42 42
44 44 44 44 43 42 43 42 42 14 9 45 45 9 9 9 9 9 9 9 9 9 9 9 9 9 9 9 9 9 9 9 13 42 42 42 42 42 42 42 42 42
44 44 44 44 43 42 42 43 42 14 9 45 45 9 9 9 9 45 45 9 9 45 45 9 9 45 45 45 9 9 45 45 13 42 42 42 42 42 42 42 42 42
44 44 44 44 42 43 42 42 43 14 9 9 9 9 9 9 9 45 45 9 9 45 45 9 9 45 45 45 9 9 45 45 13 42 42 42 42 42 42 42 42 42
44 44 44 44 43 42 43 42 42 14 9 9 9 9 9 9 9 9 9 9 9 9 9 9 9 9 9 9 9 9 9 9 13 43 43 43 43 43 43 43 43 43
44 44 44 44 43 42 42 43 42 17 12 12 12 12 9 9 9 9 12 12 12 12 12 12 12 9 9 9 9 12 12 12 12 43 43 43 43 43 43 43 43 43
44 44 44 44 42 44 44 44 44 44 44 44 44 44 44 44 44 44 44 44 44 44 44 44 44 44 44 44 44 44 44 44 44 44 44 44 42 42 42 42 42 42
44 44 44 44 42 44 44 41 44 44 44 44 44 44 44 44 44 44 44 44 44 44 44 44 44 44 44 44 44 44 44 44 44 44 44 44 43 43 43 43 43 43
44 44 44 44 42 41 44 44 44 44 44 44 44 44 44 44 44 44 44 44 44 44 44 44 44 44 44 44 44 44 44 44 44 44 44 44 42 42 42 42 42 42
44 44 44 44 42 44 44 44 3 3 3 3 3 3 44 44 44 41 44 3 3 3 3 3 3 44 42 44 44 44 3 3 3 3 3 3 42 42 42 42 42 42
44 44 44 44 42 44 44 44 3 42 42 42 42 3 44 44 44 44 44 3 42 42 42 42 3 44 44 44 44 44 3 42 42 42 42 3 42 42 42 42 42 42
44 44 44 44 42 44 44 44 3 43 42 42 43 3 44 44 44 44 44 3 43 42 42 43 3 44 44 44 44 44 3 43 42 42 43 3 42 42 42 42 42 42
44 44 44 44 42 43 44 44 3 42 42 42 43 3 44 44 44 44 44 3 42 42 42 43 3 44 44 44 44 44 3 42 42 42 43 3 42 42 42 42 42 42
44 44 44 44 42 42 44 44 3 3 3 3 3 3 44 41 44 44 44 3 3 3 3 3 3 44 42 44 44 44 3 3 3 3 3 3 42 42 42 42 42 42
44 44 44 44 43 42 44 44 44 44 44 44 44 44 44 44 44 44 44 44 41 44 44 44 44 44 44 44 44 44 44 44 44 44 44 44 42 42 42 42 42 42
44 44 44 44 42 43 44 44 44 44 44 44 44 44 44 44 44 44 44 44 44 44 44 44 44 44 44 44 44 44 44 44 44 44 44 41 43 43 43 43 43 43
44 44 44 44 42 43 44 44 44 44 44 44 44 44 44 44 44 44 44 44 44 44 44 44 44 44 44 44 44 44 44 44 44 44 44 44 44 44 44 44 44 44
44 44 44 44 42 42 44 44 44 44 44 44 44 44 44 44 44 44 44 44 44 44 44 41 44 44 44 44 44 44 44 44 44 44 44 44 42 42 42 42 42 42
44 44 44 44 43 42 44 44 44 44 41 44 44 44 44 44 44 44 44 44 44 44 44 44 44 44 44 44 44 44 44 41 44 44 44 44 42 42 42 42 42 42
44 44 44 44 42 43 44 44 44 44 44 44 44 44 44 44 44 44 44 44 44 44 44 44 44 44 44 44 44 44 44 44 44 44 44 44 42 42 42 42 42 42
44 44 44 44 44 44 44 44 44 44 44 44 44 44 44 44 44 44 44 44 44 44 44 44 44 44 44 44 44 44 44 44 44 44 44 44 43 43 43 43 43 43
44 44 44 44 44 44 44 44 44 44 44 44 44 44 44 44 44 44 41 44 44 44 44 44 44 44 44 44 44 44 44 44 44 44 44 44 43 43 43 43 43 43
44 44 44 44 42 42 42 42 42 42 42 42 44 44 44 44 44 44 44 44 44 44 44 44 44 44 44 44 44 44 44 44 44 44 44 44 42 42 42 42 42 42
44 44 44 44 42 42 43 42 42 42 42 42 44 44 44 44 44 44 44 44 44 44 44 44 44 44 44 44 44 44 44 44 44 44 44 44 43 43 43 43 43 43
31 31 31 31 31 31 31 31 31 3 42 42 44 44 44 44 44 44 44 44 5 5 5 5 5 44 44 44 44 44 44 44 44 44 44 44 42 42 42 42 42 42
31 31 31 31 31 31 31 31 31 3 42 42 44 44 44 44 44 44 44 44 5 42 42 43 5 44 44 44 44 44 44 44 44 44 44 44 42 42 42 42 42 42
31 31 31 31 31 31 31 31 31 3 42 42 44 44 44 44 44 44 44 44 5 42 42 42 5 44 44 44 44 44 44 44 44 44 44 44 42 42 42 42 42 42
31 31 31 31 31 31 31 31 31 3 42 42 44 44 44 44 44 44 44 44 5 42 42 42 5 44 44 44 44 44 44 44 44 44 44 44 42 42 42 42 42 42
31 31 31 31 31 31 31 31 31 3 42 42 44 44 44 44 44 44 44 44 5 42 42 42 5 44 44 44 44 44 44 44 44 44 44 44 42 42 42 42 42 42
31 31 31 31 31 31 31 31 31 3 42 42 44 44 44 41 44 44 44 44 5 42 42 42 5 44 44 44 44 44 44 44 44 44 44 44 42 42 42 42 42 42
31 31 31 31 31 31 31 31 31 3 42 42 44 44 44 44 44 44 44 44 5 42 43 42 5 44 44 44 44 44 44 44 44 44 44 44 42 42 42 42 42 42
31 31 31 31 31 31 31 31 31 3 42 42 44 44 44 44 44 44 44 44 5 42 42 42 5 44 44 44 44 44 44 44 44 44 44 44 43 43 43 43 43 43
31 31 31 31 31 31 31 31 31 3 42 42 44 44 44 44 44 44 44 44 5 42 42 42 5 44 44 44 44 44 44 44 44 44 44 44 44 44 44 44 44 44
31 31 31 31 31 31 31 31 31 3 42 42 44 44 44 44 44 44 44 44 5 42 42 42 5 44 44 44 44 44 44 44 44 44 44 44 42 42 42 42 42 42
31 31 31 31 31 31 31 31 31 3 42 42 44 44 44 44 44 44 44 44 5 42 42 42 5 44 44 44 44 44 44 44 44 44 44 44 42 42 42 42 42 42
31 31 31 31 31 31 31 31 31 3 42 42 44 44 44 44 44 44 44 44 5 43 42 42 5 44 44 44 44 44 44 44 44 44 44 44 42 42 42 42 42 42
31 31 31 31 31 31 31 31 31 3 42 42 44 44 44 44 44 44 44 44 5 42 42 43 5 44 44 44 44 44 44 44 44 44 44 44 43 43 43 43 43 43
3 3 3 3 3 3 3 3 3 44 42 42 44 44 44 44 44 44 44 41 5 42 42 42 5 44 44 44 44 44 44 44 44 44 44 44 43 43 43 43 43 43
3 44 44 44 44 44 44 44 44 44 42 42 44 44 44 44 44 44 44 44 5 42 42 42 5 44 44 44 44 44 44 44 44 44 44 44 42 42 42 42 42 42
43 42 42 42 42 42 42 42 42 42 42 42 44 44 44 44 44 44 44 44 5 5 5 5 5 44 44 44 44 44 44 44 44 44 44 44 43 43 43 43 43 43
42 42 42 42 42 42 42 42 42 42 42 42 44 44 44 44 44 44 44 44 44 44 44 44 44 44 44 44 44 44 44 44 44 44 44 44 42 42 42 42 42 42
3 44 44 44 44 44 44 44 44 44 44 44 44 44 44 44 44 44 44 44 44 44 44 44 44 44 44 44 44 44 44 44 44 44 44 44 3 3 3 3 3 43
3 44 44 44 44 44 41 44 44 44 41 44 44 44 44 44 44 44 44 44 44 44 44 44 44 44 44 44 44 44 44 44 44 44 44 44 44 44 44 44 3 43
3 44 44 41 44 44 44 44 44 44 44 44 44 44 44 44 44 44 44 44 44 44 44 44 44 44 44 44 44 44 44 44 44 44 44 44 44 44 44 44 3 43
3 44 44 44 44 44 44 44 44 44 44 44 44 44 44 44 44 44 44 41 44 44 44 44 44 44 44 44 44 44 44 44 44 44 44 44 44 44 44 44 3 42
3 44 44 44 44 44 44 44 44 44 44 44 44 44 44 44 44 44 44 44 44 44 44 44 44 44 44 44 44 44 44 44 44 44 44 44 44 44 44 44 3 43
44 19 19 6 16 9 9 9 9 16 6 19 19 42 42 42 42 43 42 42 44 44 44 44 44 44 44 44 44 44 44 3 3 3 3 3 3 44 44 44 3 42
44 19 19 6 16 9 9 9 9 16 6 19 19 42 43 42 42 42 42 42 44 44 44 44 44 44 44 44 44 44 44 3 5 5 5 5 3 44 44 44 3 42
44 18 18 9 9 9 9 9 9 9 31 18 18 42 42 42 42 42 43 42 3 3 3 3 3 3 3 44 44 44 44 3 42 42 42 42 3 44 44 44 3 43
44 18 18 9 9 9 9 9 9 9 31 18 18 17 30 29 30 29 30 29 30 29 30 29 30 17 3 44 44 44 44 3 42 43 43 42 3 44 44 44 3 43
44 18 18 9 9 9 9 9 9 9 31 18 18 33 30 30 30 30 30 30 30 30 30 30 30 17 3 44 44 44 44 3 5 5 5 5 3 44 44 44 3 3
44 18 18 9 9 9 9 9 9 9 31 18 18 33 28 28 28 28 28 28 28 28 28 28 28 34 3 44 44 44 44 3 3 3 3 3 3 44 44 44 44 43
44 18 18 9 9 9 9 9 9 9 31 18 18 33 47 28 28 28 28 28 28 28 28 28 28 34 3 46 46 46 46 46 46 46 46 46 46 44 44 44 44 42
44 18 18 9 9 9 9 9 9 9 9 20 18 33 47 28 28 28 28 28 28 28 28 28 28 34 3 46 46 46 46 46 46 46 46 46 46 44 44 44 44 42
44 18 18 9 9 9 9 9 9 9 9 18 18 33 47 28 28 28 28 28 28 28 28 28 28 34 3 46 46 46 46 46 46 46 46 46 46 44 44 44 44 42
44 18 18 9 9 9 9 9 9 9 9 18 18 33 47 28 28 28 28 28 28 28 28 28 28 34 3 46 46 46 46 46 46 46 46 46 46 44 44 44 44 42
44 18 18 9 9 9 9 9 9 9 9 18 28 28 28 28 28 28 28 28 28 28 28 28 28 34 3 46 46 46 46 46 46 46 46 46 46 44 44 44 44 42
44 18 18 9 9 9 9 9 9 9 9 21 28 28 28 28 28 28 28 28 28 28 28 28 28 34 3 46 46 46 46 46 46 46 46 46 46 44 44 44 44 42
44 18 18 9 9 9 9 9 9 9 9 18 18 33 28 28 28 28 37 37 37 37 37 37 37 34 3 46 46 46 46 46 46 46 46 46 46 44 44 44 44 42
44 18 18 9 9 9 9 9 9 9 9 18 18 33 32 32 32 32 32 32 32 32 32 32 32 17 3 46 46 46 46 46 46 46 46 46 46 44 44 44 44 43
44 18 18 9 9 9 9 9 9 9 9 18 18 44 44 44 44 44 44 44 44 44 44 44 44 44 3 38 40 39 39 38 38 40 39 40 38 44 44 44 44 43
44 18 18 9 9 9 9 9 9 9 9 20 18 44 44 44 44 44 44 44 44 44 44 44 44 44 3 44 44 44 44 44 44 44 44 44 44 44 44 44 42 42
44 18 18 9 9 9 9 9 9 9 9 18 18 44 44 44 44 44 44 44 44 44 44 44 44 44 3 44 44 44 44 44 44 44 44 44 44 44 44 44 42 42
44 18 18 9 9 9 9 9 9 9 9 18 18 44 44 44 44 44 44 44 44 44 44 44 44 44 3 44 44 44 44 44 44 44 44 44 44 44 44 44 42 42
44 18 18 9 9 9 9 9 9 9 9 18 18 44 44 44 44 44 44 44 44 44 44 44 44 44 3 44 44 44 44 44 44 44 44 44 44 44 44 44 43 42
44 18 18 9 9 9 9 9 9 9 9 20 18 44 44 44 44 44 44 44 44 44 44 44 44 44 3 44 44 44 44 44 44 44 44 44 44 44 44 44 43 42
44 18 18 9 9 9 9 9 9 9 9 18 18 44 44 44 44 44 44 44 44 44 44 44 44 44 3 46 46 46 46 46 46 46 46 46 3 3 3 3 42 43
44 18 18 9 9 9 9 9 9 9 9 18 18 44 44 44 44 44 44 44 44 44 44 44 44 44 3 46 46 46 46 46 46 46 46 46 3 3 3 3 43 42
44 18 18 9 9 9 9 9 9 9 9 18 18 44 44 44 44 44 44 44 44 44 44 44 44 44 3 46 46 46 46 46 46 46 46 46 42 42 43 42 42 42
44 18 18 9 9 9 9 9 9 9 9 18 18 44 44 44 44 44 44 44 44 44 44 44 44 44 3 46 46 46 46 46 46 46 46 46 43 42 42 42 42 42
44 18 18 9 9 9 9 9 9 9 9 18 18 44 44 44 44 44 44 44 44 44 44 44 44 44 3 46 46 46 46 46 46 46 46 46 42 42 42 42 43 42
44 18 18 9 9 9 9 9 9 9 9 18 18 44 44 44 44 44 44 44 44 44 44 44 44 44 3 46 46 46 46 46 46 46 46 46 42 42 42 43 42 42
44 18 18 9 9 9 9 9 9 9 9 18 18 44 44 44 44 44 44 44 44 44 44 44 44 44 3 46 46 46 46 46 46 46 46 46 43 42 42 42 42 42
44 18 18 9 9 9 9 9 9 9 9 18 18 44 44 44 44 44 44 44 44 44 44 44 44 44 44 44 44 44 44 44 44 44 44 44 44 44 44 44 44 42
44 18 18 9 9 9 9 9 9 9 9 18 18 44 44 44 44 44 44 44 44 44 44 44 44 44 44 44 44 44 44 44 44 44 44 44 44 44 44 44 44 42
44 18 18 9 9 9 12 12 12 12 12 18 18 44 44 44 44 44 44 44 44 44 44 44 44 44 44 44 44 44 44 44 44 44 44 44 44 44 44 44 44 44
44 44 44 27 22 22 14 6 6 6 6 13 44 44 44 44 44 44 44 44 44 44 44 44 44 44 44 44 44 44 44 44 44 44 44 44 44 44 44 44 44 44
44 44 44 27 22 22 14 9 9 9 9 13 44 44 44 44 44 44 44 44 44 44 44 44 44 44 44 44 44 44 44 44 44 44 44 44 44 44 44 44 44 44
44 44 44 27 22 22 14 9 9 9 9 13 17 10 10 10 10 10 10 10 10 10 10 10 10 10 10 10 10 10 10 10 17 44 44 44 44 44 44 44 44 44
44 44 44 27 22 22 14 9 9 9 9 13 17 10 10 10 16 10 10 36 35 10 10 15 15 10 10 11 16 10 10 10 17 44 44 44 44 44 44 44 44 44
44 44 44 27 22 22 14 9 9 9 9 13 14 9 9 9 9 9 9 9 9 9 9 9 9 45 9 9 9 9 9 9 13 44 44 44 44 44 44 44 44 44
44 44 44 27 22 22 14 9 9 9 9 13 14 9 9 9 9 9 9 9 9 9 9 9 9 9 9 9 9 9 9 9 13 44 44 44 44 44 44 44 44 44
44 44 44 27 22 22 14 9 9 9 9 13 14 9 9 9 9 9 9 9 9 9 9 9 9 9 9 9 9 9 9 9 13 44 44 44 44 44 44 44 44 44
44 44 44 27 22 22 26 23 23 24 9 13 14 9 9 9 9 9 9 9 9 9 9 9 9 9 9 9 9 9 9 9 13 44 44 44 44 44 44 44 44 44
44 44 44 27 22 22 27 22 22 25 9 13 14 9 9 9 45 45 45 45 9 9 9 9 45 45 45 45 45 9 9 9 13 44 44 44 44 44 44 44 44 44
44 44 44 27 22 22 27 22 22 25 9 13 14 9 9 9 9 9 9 9 9 9 9 9 9 9 9 9 9 9 9 9 13 44 44 44 44 44 44 44 44 44
44 44 44 27 22 22 27 22 22 25 9 13 14 9 9 9 9 9 9 9 9 9 9 9 9 9 9 9 9 9 9 9 13 44 44 44 44 44 44 44 44 44
44 44 44 27 22 22 27 22 22 25 9 13 14 9 9 9 9 9 9 9 9 9 9 9 9 9 9 9 9 9 9 9 13 44 44 44 44 44 44 44 44 44
44 44 44 27 22 22 27 22 22 25 9 13 14 9 9 9 45 45 45 45 9 9 9 9 45 45 45 45 45 9 9 9 13 44 44 44 44 44 44 44 44 44
44 44 44 27 22 22 27 22 22 25 9 13 14 9 9 9 9 9 9 9 9 9 9 9 9 9 9 9 9 9 9 9 13 44 44 44 44 44 44 44 44 44
44 44 44 27 22 22 27 22 22 25 9 13 14 9 9 9 9 9 9 9 9 9 9 9 9 9 9 9 9 9 9 9 13 44 44 44 44 44 44 44 44 44
44 44 44 14 44 44 27 22 22 25 9 13 14 9 9 9 9 9 9 9 9 9 9 9 9 9 9 9 9 9 9 9 13 44 44 44 44 44 44 44 44 44
44 44 44 14 44 44 44 44 44 25 9 13 14 9 9 9 45 45 45 45 9 9 9 9 45 45 45 45 45 9 9 9 13 44 44 44 44 44 44 44 44 44
44 44 44 14 44 44 44 44 44 25 9 13 14 9 9 9 9 9 9 9 9 9 9 9 9 9 9 9 9 9 9 9 13 44 44 44 44 44 44 44 44 44
44 44 44 14 44 44 44 44 44 25 9 13 14 12 12 12 12 12 12 12 9 9 9 9 12 12 12 12 12 12 12 12 17 44 44 44 44 44 44 44 44 44
44 44 44 12 12 12 12 12 12 12 9 9 9 9 9 9 9 9 9 9 9 9 9 9 9 9 9 9 9 9 9 9 13 44 44 44 44 44 44 44 44 44
44 44 44 44 44 44 44 44 44 14 9 9 9 9 9 9 9 9 9 9 9 9 9 9 9 9 9 9 9 9 9 9 13 44 44 44 44 44 44 44 44 44
44 44 44 44 44 44 44 44 44 14 9 9 9 9 9 9 9 9 9 9 9 9 9 9 9 9 9 9 9 9 9 9 13 44 44 44 44 44 44 44 44 44
44 44 44 44 44 44 44 44 44 14 9 9 9 9 9 9 9 9 9 9 9 9 9 9 9 9 9 9 9 9 9 9 13 44 44 44 44 44 44 44 44 44
44 44 44 44 44 44 44 44 44 44 12 12 12 12 12 12 12 12 12 12 12 12 12 12 12 12 12 12 12 12 12 12 12 44 44 44 44 44 44 44 44 44